--------------------------------------------------------------------------------
I1 cache:         16384 B, 64 B, 4-way associative
D1 cache:         16384 B, 64 B, 4-way associative
LL cache:         262144 B, 64 B, 8-way associative
Command:          ./cordic_main
Data file:        cachegrind
Events recorded:  Ir I1mr ILmr Dr D1mr DLmr Dw D1mw DLmw Bc Bcm Bi Bim
Events shown:     Ir I1mr ILmr Dr D1mr DLmr Dw D1mw DLmw Bc Bcm Bi Bim
Event sort order: Ir I1mr ILmr Dr D1mr DLmr Dw D1mw DLmw Bc Bcm Bi Bim
Thresholds:       0.1 100 100 100 100 100 100 100 100 100 100 100 100
Include dirs:     
User annotated:   
Auto-annotation:  off

--------------------------------------------------------------------------------
     Ir  I1mr  ILmr     Dr  D1mr  DLmr     Dw D1mw DLmw     Bc   Bcm  Bi Bim 
--------------------------------------------------------------------------------
239,187 1,569 1,065 61,772 2,565 1,683 23,513  249  202 43,819 5,520 580 271  PROGRAM TOTALS

--------------------------------------------------------------------------------
    Ir I1mr ILmr     Dr D1mr DLmr    Dw D1mw DLmw     Bc   Bcm  Bi Bim  file:function
--------------------------------------------------------------------------------
57,694   10   10 14,110  784  594    18    1    0 15,477 1,952   2   2  ???:_dl_addr
41,260   28   13 13,898  425  172 6,552    6    3  6,243   515   0   0  ???:do_lookup_x
22,122   54   54  6,014  529  439 2,926    8    1  3,505   172   2   2  ???:_dl_relocate_object
19,462   27   10  5,654  128  104 3,025    6    1  3,073   193   0   0  ???:_dl_lookup_symbol_x
13,307   23   12  2,534   17    7   888    1    1  2,650   417   0   0  ???:strcmp
13,149   32   11      0    0    0     0    0    0    780     6 149 118  ???:__udivsi3
 8,338    7    7  1,604   18   18    36    1    1  2,028   390   0   0  ???:__GI___tunables_init
 5,706   10    6  2,372   67   25   702    0    0    949    65   0   0  ???:check_match
 5,131  121   61  1,047    9    5   483    0    0    890   158   0   0  ???:__printf_fp_l
 3,960   99   49  1,036   11    8   693    2    0    500    61  52  17  ???:vfprintf
 2,774   60   44    758   18   16   348   16   16    492   102   0   0  ???:_dl_map_object_from_fd
 2,720   14    3  1,080    9    0   536    3    2    544    53   0   0  ???:_dl_name_match_p
 2,496    6    6    764    1    0   502    1    1    572    32   0   0  ???:_IO_file_overflow@@GLIBC_2.4
 2,484   13    6    651    5    3   296    0    0    676    76   9   1  ???:_IO_file_xsputn@@GLIBC_2.4
 2,313   19   19    782   35   26   252   13   12    359    94   0   0  ???:_dl_check_map_versions
 1,605   24   24    249    1    1   216    3    3    197   113   0   0  ???:_dl_important_hwcaps
 1,585    5    4    238   16   15    38    0    0    390    34   0   0  ???:_dl_cache_libcmp
 1,534    8    5      0    0    0   694   38   38    578   103   0   0  ???:memset
 1,428   17    4    513    0    0   286    0    0    168    43   0   0  ???:hack_digit
 1,420   57   24    624   68   24    29    0    0     13     7 115  19  ???:???
 1,392    5    5    234    6    4    92    2    0    181    37   0   0  ???:strchrnul
 1,379   33   30    282   15    3   127    6    6    321    51   0   0  ???:_dl_map_object_deps
 1,290    3    2    267    0    0   267    1    0    108    26   0   0  ???:__mpn_mul_1
 1,264    8    3    474    0    0   474    2    1    158     0   0   0  ???:__aeabi_uidivmod
 1,255   76   74    338   37   22   140   10   10    212    72   1   1  ???:dl_main
 1,154   22   20    291   43   41   103    8    8    193    33  12   2  ???:_dl_start
 1,102   16    1    406    1    1   116    0    0     58     0  58   0  ???:__overflow
   980   11    6    160    5    5    50    0    0     80    32   0   0  ???:strlen
   909   24   13    338   15   11   150    2    2    203    62   0   0  ???:bcmp
   866   26   22    244    4    2   116    3    3    155    32   0   0  ???:_dl_map_object
   788   64   63    211    3    2   148   12    7     15     5   0   0  ???:cordic_V_fixed_point
   757   10    9     48   12    3   265   21   17    133    10   0   0  ???:ptmalloc_init
   749   13   10    145    5    4   126   18   18    102    48   0   0  ???:_dl_new_object
   737   13   13    234    5    2   164    0    0     84    30   1   1  ???:malloc
   712    9    3    125    4    4    16    0    0    110    47   0   0  ???:index
   641    6    4    127    3    1   126   10   10     34     2  33  16  ???:memcpy
   631   25   17    159    9    7    60    2    2    109    23   0   0  ???:open_verify.constprop.8
   623    3    2     69    0    0    69    1    0     39     0  39  28  ???:__memcpy_neon
   614   22   17    131   14   14    44    0    0     91    12   0   0  ???:_dl_load_cache_lookup
   582   14    7    156    2    0    62    0    0    110    52   0   0  ???:_dl_sort_maps
   480   11    5    180    2    1   130    0    0     60    10  10   1  ???:new_do_write
   438    3    2     91    2    2    83    0    0     51     9   0   0  ???:_itoa_word
   399   18   17    104    9    8    46    6    6     67    28  18  18  ???:_dl_sysdep_start
   396   16    6    151   31    1    55    1    0     35     0   0   0  ???:_dl_fixup
   384   14    3    129   14    1    59    0    0     28    17  14   7  ???:__tunable_get_val
   377   14   13    117   15    1    47    4    0     65    21   8   8  ???:_dl_fini
   328   22   22     67    3    2    69    3    1     36    21   0   0  ???:_int_malloc
   326    3    3    102    4    1     8    0    0     75     6  18   1  ???:_IO_default_xsputn
   275    3    1    110    0    0   110    0    0      0     0   0   0  ???:mempcpy
   260   10    3    100    0    0    60    2    0     50     8   0   0  ???:_IO_file_write@@GLIBC_2.4

