--------------------------------------------------------------------------------
I1 cache:         16384 B, 64 B, 4-way associative
D1 cache:         16384 B, 64 B, 4-way associative
LL cache:         262144 B, 64 B, 8-way associative
Command:          ./cordic_main
Data file:        cachegrind
Events recorded:  Ir I1mr ILmr Dr D1mr DLmr Dw D1mw DLmw Bc Bcm Bi Bim
Events shown:     Ir I1mr ILmr Dr D1mr DLmr Dw D1mw DLmw Bc Bcm Bi Bim
Event sort order: Ir I1mr ILmr Dr D1mr DLmr Dw D1mw DLmw Bc Bcm Bi Bim
Thresholds:       0.1 100 100 100 100 100 100 100 100 100 100 100 100
Include dirs:     
User annotated:   
Auto-annotation:  off

--------------------------------------------------------------------------------
     Ir  I1mr  ILmr     Dr  D1mr  DLmr     Dw D1mw DLmw     Bc   Bcm  Bi Bim 
--------------------------------------------------------------------------------
237,528 1,477 1,004 61,418 2,565 1,684 23,248  234  193 43,623 5,505 559 269  PROGRAM TOTALS

--------------------------------------------------------------------------------
    Ir I1mr ILmr     Dr D1mr DLmr    Dw D1mw DLmw     Bc   Bcm  Bi Bim  file:function
--------------------------------------------------------------------------------
57,694   10   10 14,110  785  594    18    2    0 15,477 1,952   2   2  ???:_dl_addr
41,260   26   13 13,898  425  172 6,552    6    3  6,243   515   0   0  ???:do_lookup_x
22,122   54   54  6,014  529  439 2,926    9    1  3,505   172   2   2  ???:_dl_relocate_object
19,462   25   10  5,654  128  104 3,025    2    0  3,073   192   0   0  ???:_dl_lookup_symbol_x
13,307   20   12  2,534   17    7   888    1    0  2,650   417   0   0  ???:strcmp
13,141   27   11      0    0    0     0    0    0    777     6 149 118  ???:__udivsi3
 8,338    7    7  1,604   18   18    36    2    2  2,028   390   0   0  ???:__GI___tunables_init
 5,706    9    6  2,372   67   25   702    0    0    949    65   0   0  ???:check_match
 5,131  120   61  1,047    9    5   483    2    0    890   157   0   0  ???:__printf_fp_l
 3,382   91   46    886   12    9   605    3    1    423    49  45  16  ???:vfprintf
 2,774   60   44    758   18   16   348   15   15    492   102   0   0  ???:_dl_map_object_from_fd
 2,720   14    3  1,080    9    0   536    2    2    544    54   0   0  ???:_dl_name_match_p
 2,447    6    6    747    2    0   492    1    1    561    28   0   0  ???:_IO_file_overflow@@GLIBC_2.4
 2,313   19   19    782   36   26   252   13   12    359    94   0   0  ???:_dl_check_map_versions
 2,209   12    6    573    5    3   251    1    0    612    71   8   1  ???:_IO_file_xsputn@@GLIBC_2.4
 1,605   24   24    249    1    1   216    2    2    197   113   0   0  ???:_dl_important_hwcaps
 1,585    5    4    238   16   15    38    0    0    390    34   0   0  ???:_dl_cache_libcmp
 1,534    8    5      0    0    0   694   38   38    578   103   0   0  ???:memset
 1,428   17    4    513    0    0   286    0    0    168    43   0   0  ???:hack_digit
 1,402   55   24    618   66   24    29    0    0     13     7 109  19  ???:???
 1,379   33   30    282   15    3   127    6    6    321    51   0   0  ???:_dl_map_object_deps
 1,290    2    2    267    0    0   267    1    0    108    26   0   0  ???:__mpn_mul_1
 1,256    7    3    471    0    0   471    1    1    157     0   0   0  ???:__aeabi_uidivmod
 1,256    5    5    207    3    3    80    1    0    159    32   0   0  ???:strchrnul
 1,255   76   74    338   37   22   140   10   10    212    72   1   1  ???:dl_main
 1,154   22   20    291   43   41   103    9    9    193    33  12   2  ???:_dl_start
 1,083   16    1    399    1    1   114    0    0     57     0  57   0  ???:__overflow
   980   11    6    160    5    5    50    0    0     80    32   0   0  ???:strlen
   909   24   13    338   13    9   150    2    2    203    62   0   0  ???:bcmp
   866   26   22    244    4    2   116    4    4    155    32   0   0  ???:_dl_map_object
   757   10    9     48   12    3   265   21   17    133    10   0   0  ???:ptmalloc_init
   749   13   10    145    5    4   126   21   21    102    48   0   0  ???:_dl_new_object
   737   13   13    234    5    2   164    0    0     84    30   1   1  ???:malloc
   712    9    3    125    4    4    16    1    1    110    47   0   0  ???:index
   641    6    4    127    3    1   126   11   11     34     2  33  16  ???:memcpy
   631   25   17    159   12   10    60    0    0    109    23   0   0  ???:open_verify.constprop.8
   614   22   17    131   14   14    44    0    0     91    12   0   0  ???:_dl_load_cache_lookup
   582   14    7    156    2    0    62    0    0    110    52   0   0  ???:_dl_sort_maps
   553    5    5    237    3    1   116    0    0     31    20   0   0  ???:cordic_V_fixed_point
   548    3    2     62    0    0    62    0    0     34     0  34  27  ???:__memcpy_neon
   432   10    5    162    2    1   117    1    0     54    10   9   1  ???:new_do_write
   399   18   17    104   10    8    46    6    6     67    28  18  18  ???:_dl_sysdep_start
   396   15    6    151   31    1    55    1    0     35     0   0   0  ???:_dl_fixup
   384   14    3    129   14    1    59    1    1     28    17  14   7  ???:__tunable_get_val
   377   14   13    117   15    1    47    4    0     65    21   8   8  ???:_dl_fini
   328   22   22     67    3    2    69    2    1     36    21   0   0  ???:_int_malloc
   326    3    3    102    4    1     8    0    0     75     6  18   1  ???:_IO_default_xsputn
   326    3    2     68    2    2    62    0    0     38     6   0   0  ???:_itoa_word
   250    3    1    100    0    0   100    0    0      0     0   0   0  ???:mempcpy

